Dataset:              Benthic Infauna Community Summary
File Name:            CP_BEN_C.txt
Date Created:         01OCT1999
# Variables:          6
# Header Records:     16
# Data Records:       318
Missing Value Symbol: .

Variables:    STA_NAME     CPO Sampling Station Code
              DATE         Sample collection date (YYMMDD)
              N_GRABS      Number of grabs
              I_TAXA       Mean number of infaunal taxa per grab
              I_ORGS       Mean infaunal abundance per grab
              I_HPRIME     Mean inf. H prime diversity per grab

STA_NAME;DATE;N_GRABS;I_TAXA;I_ORGS;I_HPRIME
CP94001;940815;2;54.00;573.00;3.76
CP94002;940815;2;3.00;6.50;1.36
CP94003;940816;2;77.00;1229.50;4.07
CP94004;940816;2;40.50;418.50;3.60
CP94005;940802;2;31.50;281.00;3.69
CP94006;940803;2;26.50;112.50;3.34
CP94007;940816;2;35.50;321.00;4.09
CP94008;940803;2;34.50;234.50;4.19
CP94009;940801;2;23.50;216.50;3.24
CP94010;940817;2;15.00;265.50;1.50
CP94011;940817;2;28.00;174.50;3.76
CP94012;940818;2;40.50;322.50;3.92
CP94013;940818;2;50.00;417.00;4.13
CP94014;940818;2;29.00;235.00;3.76
CP94015;.;0;.;.;.
CP94016;940808;2;4.00;11.50;1.53
CP94017;940809;2;2.00;8.50;0.75
CP94018;940811;2;13.50;89.50;2.11
CP94019;940811;2;51.50;176.50;4.78
CP94020;940803;4;34.25;161.00;3.92
CP94021;940802;3;46.00;338.00;3.82
CP94022;940817;3;8.00;24.00;2.72
CP94023;940815;2;38.00;154.50;4.36
CP94024;940818;2;23.00;229.50;3.09
CP94025;940818;2;11.00;23.00;2.95
CP94026;940819;2;21.50;527.00;1.62
CP94027;940825;2;7.00;18.50;2.50
CP94028;940727;0;.;.;.
CP94029;940726;2;30.00;255.50;3.55
CP94030;940719;2;25.50;179.00;3.37
CP94031;940701;2;21.50;113.00;3.56
CP94032;940728;2;28.50;136.00;4.08
CP94033;940728;2;20.50;80.50;3.51
CP94034;940706;2;10.00;84.00;2.50
CP94035;940706;2;17.50;165.00;2.80
CP94036;940823;3;2.33;2.33;1.19
CP94037;940810;2;22.50;115.00;3.78
CP94038;940707;2;8.50;252.00;1.00
CP94039;940810;2;10.50;219.50;1.63
CP94040;940823;2;4.50;15.50;1.76
CP94041;940810;2;8.50;32.00;2.69
CP94042;940810;2;21.00;168.00;3.16
CP94043;940823;2;2.00;8.00;0.52
CP94044;940809;2;16.50;107.00;2.65
CP94045;940809;2;26.50;175.50;3.58
CP94046;940817;2;18.00;58.50;3.53
CP94047;940816;2;6.00;194.00;1.22
CP94048;940818;2;2.00;2.50;0.79
CP94049;940817;2;10.50;48.50;2.48
CP94050;940818;2;6.50;20.00;2.50
CP94051;940816;2;1.00;1.00;0.00
CP94052;940816;3;0.00;0.00;0.00
CP94053;940816;2;3.00;91.50;0.60
CP94054;940819;2;7.50;193.00;1.83
CP94055;940802;2;12.00;112.50;2.84
CP94056;940808;2;14.50;92.50;2.82
CP94057;940802;2;23.00;276.00;2.72
CP94058;940807;2;14.00;77.50;3.21
CP94059;940808;2;15.00;50.50;3.31
CP94060;940806;2;10.00;110.50;2.48
CP94061;940717;2;8.50;82.50;1.76
CP94062;940716;2;3.50;12.00;1.45
CP94063;940716;2;7.00;31.00;2.48
CP94064;940715;2;3.50;8.50;1.73
CP94065;940715;2;7.00;77.00;1.74
CP94066;940717;2;2.00;20.00;0.91
CP94067;940717;2;8.50;327.50;1.28
CP94068;940714;2;10.00;161.00;2.28
CP94069;940715;2;4.00;70.50;0.56
CP94070;940714;2;7.50;53.50;1.95
CP94071;940713;3;11.00;238.33;2.19
CP94072;940712;2;7.50;91.00;1.68
CP94073;940825;2;47.50;344.50;4.47
CP94074;940824;2;35.50;279.50;3.50
CP94075;940823;4;40.25;288.00;4.08
CP94076;940811;2;18.50;884.50;1.84
CP94077;940812;2;4.50;27.00;1.41
CP94078;940808;2;38.50;624.50;4.11
CP94079;940729;2;10.00;64.00;2.46
CP94080;940729;2;16.00;46.00;3.50
CP94081;940726;2;45.50;364.00;4.04
CP94082;940810;4;4.30;40.80;0.70
CP94083;940829;2;26.00;343.00;2.95
CP94084;940712;2;13.00;154.00;2.41
CP94CF_;940829;2;7.00;119.50;0.88
CP94DSL;940920;4;4.25;15.50;1.46
CP94ES4;940713;2;12.50;93.00;2.40
CP94JAC;940809;2;4.00;6.50;1.66
CP94KOP;940803;.;.;.;.
CP94LTH;940923;4;6.25;23.25;1.82
CP94MI_;940726;2;15.00;58.00;2.84
CP94NMK;940920;4;5.25;40.00;1.71
CP94NOI;940803;.;.;.;.
CP94PLM;940922;4;13.50;81.00;2.70
CP94RC_;940728;2;12.50;34.50;3.13
CP94SPY;940803;.;.;.;.
CP94ZI_;940725;2;4.00;39.50;1.09
CP95101;950809;2;5.00;74.00;1.27
CP95102;950809;2;7.00;39.00;2.56
CP95103;950808;2;8.00;35.50;2.16
CP95104;950810;2;7.50;134.50;1.78
CP95105;950811;2;9.50;144.00;2.32
CP95106;950811;2;11.00;171.00;2.47
CP95107;950810;2;2.50;33.50;0.59
CP95108;950808;2;7.50;37.00;2.67
CP95109;950812;3;5.67;16.67;1.78
CP95110;950812;2;6.50;165.00;1.85
CP95111;950812;2;10.50;114.50;2.77
CP95112;950813;2;10.00;125.00;1.66
CP95113;950813;2;17.50;50.50;3.34
CP95114;950721;3;4.00;64.00;0.58
CP95115;950725;2;21.00;117.00;3.36
CP95116;950719;2;2.00;3.00;0.69
CP95117;950722;2;7.00;24.00;2.55
CP95118;950712;2;19.00;226.00;2.94
CP95119;950712;2;6.50;13.50;2.62
CP95120;950720;3;2.67;116.00;0.34
CP95121;950720;2;0.50;0.50;0.00
CP95122;950720;2;0.50;0.50;0.00
CP95123;950726;2;20.00;120.00;3.41
CP95124;950719;2;0.00;0.00;0.00
CP95125;950711;2;27.50;422.50;2.47
CP95126;950711;2;17.50;86.50;3.32
CP95127;950711;2;17.50;123.50;2.82
CP95128;950719;2;18.00;262.50;2.07
CP95129;950719;2;11.50;112.50;2.17
CP95130;950727;2;26.00;85.00;3.96
CP95131;950729;2;7.50;20.50;2.67
CP95132;950724;2;23.50;107.00;3.37
CP95133;950724;2;11.00;34.50;2.43
CP95134;950721;2;10.00;31.50;2.64
CP95135;950723;2;8.50;182.50;1.33
CP95136;950814;2;0.00;0.00;0.00
CP95137;.;0;.;.;.
CP95138;950823;2;10.50;58.00;2.60
CP95139;950821;2;4.50;41.50;0.70
CP95140;950821;2;6.00;23.50;2.12
CP95141;950802;3;13.67;50.67;3.17
CP95142;950801;2;24.00;41.00;4.36
CP95143;950802;2;14.00;60.50;3.33
CP95144;950731;0;.;.;.
CP95145;950731;2;5.00;14.00;1.68
CP95146;950706;2;9.50;41.50;2.41
CP95147;950706;2;6.00;12.50;2.20
CP95148;950705;2;6.50;148.50;0.75
CP95149;950818;2;4.00;9.00;1.60
CP95150;950818;2;5.00;19.50;1.65
CP95151;950802;2;23.00;85.00;3.75
CP95152;950802;2;11.50;27.00;3.16
CP95153;950803;2;25.50;243.50;3.27
CP95154;950804;2;18.50;56.50;3.58
CP95155;950731;2;12.50;64.50;2.69
CP95156;950801;3;2.67;9.67;1.03
CP95157;950816;2;8.50;20.50;2.53
CP95158;950815;2;25.00;204.00;3.67
CP95159;950828;2;8.00;25.50;2.52
CP95160;950829;2;31.00;151.50;4.23
CP95161;950830;2;15.00;332.50;2.07
CP95162;950829;2;3.50;11.00;1.52
CP95163;950829;2;31.50;422.50;3.08
CP95164;950822;4;6.75;10.50;2.52
CP95165;950908;2;4.00;7.50;1.75
CP95166;950907;2;7.00;43.50;1.20
CP95167;950905;2;11.50;129.00;1.88
CP95168;950906;2;6.00;10.00;2.37
CP95169;950907;2;26.00;143.50;3.72
CP95170;950804;2;10.00;29.50;2.82
CP95171;950803;2;3.00;7.00;1.44
CP95172;950816;3;1.33;22.33;0.22
CP95173;950808;2;33.50;176.50;3.66
CP95174;950807;2;16.00;94.50;3.11
CP95175;950809;2;42.50;264.00;3.55
CP95176;950731;2;21.50;163.50;3.32
CP95177;950731;2;29.50;156.00;3.76
CP95178;950727;2;31.50;721.50;2.69
CP95179;950726;2;25.00;440.50;2.51
CP95180;950725;2;25.50;725.00;1.48
CP95181;950724;2;7.00;36.00;2.01
CP95182;950810;2;21.00;102.00;2.89
CP95183;950818;3;40.00;202.33;3.95
CP95184;950821;2;28.50;1577.50;1.24
CP95185;950822;2;31.00;141.00;3.66
CP95186;950823;2;33.50;112.50;4.33
CP95187;950823;2;41.00;365.00;3.90
CP95188;950825;2;39.00;381.50;3.74
CP95ASM;950927;2;5.00;19.00;1.78
CP95CB_;950811;2;7.00;32.50;1.73
CP95CF_;950822;2;10.00;398.00;0.81
CP95DIE;950926;2;2.00;4.00;0.73
CP95FOS;951010;2;6.50;91.00;1.21
CP95KIA;951012;.;.;.;.
CP95KOP;950926;2;2.00;10.00;0.48
CP95LON;951012;.;.;.;.
CP95LTH;951025;2;17.00;161.00;2.27
CP95MI_;950803;2;9.00;43.00;2.36
CP95NMK;951006;2;2.00;27.00;0.31
CP95NV1;951004;2;8.00;23.00;2.74
CP95NV2;951004;2;4.50;11.00;1.71
CP95PR1;950914;2;9.00;126.50;1.89
CP95PR2;950914;2;1.50;1.50;0.50
CP95PR3;950914;2;2.50;11.50;1.10
CP95PR4;950914;2;2.50;12.00;1.10
CP95PR5;950914;2;1.50;1.50;0.50
CP95RC_;950801;2;12.50;30.50;3.31
CP95SPY;950927;2;10.00;211.50;2.17
CP95ZI_;950822;2;10.00;308.50;1.73
CP96201;960919;2;7.00;72.50;2.17
CP96202;960918;2;2.00;5.50;0.70
CP96203;960918;2;8.00;26.00;2.01
CP96204;960918;2;10.50;76.00;2.62
CP96205;960709;2;4.00;10.00;1.71
CP96206;960917;2;1.50;5.50;0.36
CP96207;960709;2;3.00;11.50;1.36
CP96208;960919;2;5.50;96.50;1.17
CP96209;960919;2;13.00;37.00;3.33
CP96210;960710;2;5.50;16.50;2.25
CP96211;960710;2;9.00;21.00;2.73
CP96212;960919;2;7.50;31.00;2.35
CP96213;960919;2;6.00;21.00;2.18
CP96214;960710;2;11.50;334.00;1.52
CP96215;960916;2;7.50;18.50;2.44
CP96216;960916;2;19.00;46.50;3.62
CP96217;960722;2;14.00;127.50;2.86
CP96218;960916;2;8.50;28.00;2.70
CP96219;960916;2;8.00;18.50;2.78
CP96220;960723;2;11.00;28.00;3.08
CP96221;960722;2;2.00;3.50;0.96
CP96222;960916;2;19.50;52.00;3.54
CP96223;960723;2;15.00;45.50;3.03
CP96224;960916;2;8.50;28.50;1.87
CP96225;960722;2;13.00;62.00;2.77
CP96226;960722;2;13.00;64.00;3.02
CP96227;960916;2;18.00;35.00;3.77
CP96228;960723;2;11.50;61.00;2.97
CP96229;960916;2;22.00;79.50;3.21
CP96230;960915;2;12.50;39.00;3.31
CP96231;960916;2;23.50;101.50;3.60
CP96232;960725;2;4.00;17.00;1.79
CP96233;960724;2;5.50;6.50;2.41
CP96234;960916;2;6.50;118.00;1.68
CP96235;960724;2;4.00;14.50;1.27
CP96236;960724;2;13.50;54.50;3.23
CP96237;960912;2;5.00;8.00;1.98
CP96238;960725;2;25.00;84.00;3.53
CP96239;960913;2;27.50;126.00;3.53
CP96240;960725;2;10.50;29.50;2.84
CP96241;960729;2;20.50;56.50;3.62
CP96242;960729;2;18.00;75.50;3.46
CP97022;970814;3;12.33;136.00;1.74
CP97036;970717;3;1.00;1.00;0.33
CP97052;970715;3;1.33;3.33;0.24
CP97071;970823;3;10.33;118.33;1.80
CP97075;970730;3;45.67;561.00;3.66
CP97082;970724;3;2.33;25.33;0.74
CP97109;970708;3;1.67;6.67;0.48
CP97114;970716;3;15.33;170.00;3.03
CP97120;970715;3;5.67;43.00;1.93
CP97141;970723;3;12.00;31.33;2.98
CP97149;970724;3;4.33;64.67;1.01
CP97156;970722;3;3.00;20.33;0.92
CP97164;970729;3;11.00;59.00;2.89
CP97172;970813;3;3.33;66.67;0.98
CP97183;970812;3;26.00;134.33;3.43
CP97184;970812;3;31.67;520.67;3.11
CP97301;970823;3;10.00;281.00;1.65
CP97302;970823;2;12.50;212.00;2.21
CP97303;970822;2;5.00;34.00;1.27
CP97304;970823;2;6.50;73.50;1.96
CP97305;970822;2;5.50;80.00;1.79
CP97306;970820;2;4.50;174.00;1.30
CP97307;970822;2;5.50;41.50;1.33
CP97308;970820;2;5.00;23.50;1.67
CP97309;970822;2;9.00;41.00;2.62
CP97310;970708;2;9.50;184.50;1.95
CP97311;970821;2;12.50;190.50;1.63
CP97312;970908;2;15.00;344.50;2.35
CP97313;970709;1;8.00;256.00;1.70
CP97314;970708;2;13.00;320.00;2.31
CP97315;970716;2;14.00;109.00;2.85
CP97316;970819;2;21.50;133.50;3.35
CP97317;970711;2;9.50;229.50;1.50
CP97318;970819;2;11.00;57.00;2.91
CP97319;970710;2;8.50;20.50;2.64
CP97320;970715;2;5.50;20.50;1.76
CP97321;970711;2;8.00;24.50;2.31
CP97322;970711;2;2.50;5.50;1.09
CP97323;970710;2;7.50;29.50;2.54
CP97324;970819;2;16.00;69.00;3.10
CP97325;970710;3;13.00;242.33;2.17
CP97326;970818;2;16.00;78.00;3.21
CP97327;970711;2;5.50;350.50;1.65
CP97328;970819;2;10.50;36.50;2.61
CP97329;970723;2;13.50;362.50;1.86
CP97330;970819;2;7.50;29.00;2.32
CP97331;970818;2;17.50;137.00;2.81
CP97332;970819;2;5.00;10.50;2.12
CP97333;970718;2;13.50;185.50;2.31
CP97334;970717;2;0.50;0.50;0.00
CP97335;970818;2;8.50;238.50;1.40
CP97336;970717;2;0.00;0.00;0.00
CP97337;970723;2;4.00;6.50;1.74
CP97338;970717;2;5.00;128.50;1.52
CP97339;970724;2;10.00;64.00;2.31
CP97340;970722;2;23.00;64.50;4.02
CP97341;970722;2;6.50;51.00;2.03
CP97342;970703;2;17.50;131.50;3.07
CP97343;970703;2;14.50;141.00;2.69
CP97344;.;.;.;.;.
CP97345;970821;3;12.33;118.00;2.46
CP97346;970821;3;10.67;123.00;2.34
CP97347;970821;3;12.33;76.00;2.82
CP97348;970821;3;10.00;52.33;2.55
CP97349;970821;3;11.33;78.00;2.71
CP97350;970821;3;7.33;58.67;1.65
CP97351;970821;3;8.67;43.33;2.50
CP97352;970821;3;7.00;48.33;1.93
CP97353;970821;3;8.33;29.67;2.66
CP97354;970821;3;7.33;66.67;2.01
