Dataset:              Water Quality Bottom Data
File Name:            CP_WQ_B.DAT
Date Created:         01Jan1998
# Variables:          10
# Header Records:     20
# Data Records:       313
Missing Value Symbol: .

Variables:    STA_NAME     Carolinian Province Office Station Name
              DATE         Sample collection date (YYMMDD)
              TIME         Sample collection time (HH:MM)
              DO           Dissolved Oxygen conc. (mg/L) at bottom
              TEMP         Temperature (C) at bottom
              SAL          Salinity (ppt) at bottom
              PH           pH (units) at bottom
              SPCOND       Specific Conductance (mS/cm @25C) surf.
              DENS         Density (Sigma t) at bottom
              DEPTH        Depth (m) of near-bottom observation

STA_NAME;DATE;TIME;DO;TEMP;SAL;PH;SPCOND;DENS;DEPTH
CP94001;940815;12:31;6.7;28.4;24.3;7.8;38.2;14.24;1.2
CP94002;940815;15:43;3.4;27.8;19.9;7.6;30.1;11.10;3.0
CP94003;940816;12:31;7.5;28.8;26.6;7.9;41.4;15.83;1.7
CP94004;940816;14:02;6.7;29.3;30.8;8.0;47.3;18.82;1.0
CP94005;940802;12:55;5.8;32.2;23.6;7.9;37.2;12.46;0.5
CP94006;940802;18:58;7.7;33.0;20.7;8.2;33.0;10.00;1.4
CP94007;940816;16:56;7.8;29.7;25.6;8.0;40.0;14.79;1.4
CP94008;940803;12:57;7.1;31.4;20.2;8.4;32.3;10.17;1.5
CP94009;940801;18:49;1.7;29.2;24.6;7.4;38.7;14.17;2.7
CP94010;940817;10:07;6.3;28.4;21.8;7.9;34.7;12.39;4.0
CP94011;940817;13:35;7.2;29.2;26.3;7.9;41.0;15.48;1.3
CP94012;940818;15:35;7.2;28.6;25.5;7.9;39.9;15.04;1.5
CP94013;940818;13:45;6.9;28.6;25.1;7.9;39.4;14.78;1.5
CP94014;940818;10:30;5.5;28.2;28.0;7.9;43.4;17.08;1.7
CP94015;.;.;.;.;.;.;.;.;.
CP94016;940808;15:15;5.2;28.7;0.2;7.0;0.4;-3.76;1.5
CP94017;940809;16:12;1.5;28.0;15.1;7.6;26.1;7.46;1.0
CP94018;940811;17:12;6.0;28.9;32.8;7.6;50.0;20.47;7.0
CP94019;940811;11:35;6.1;27.3;34.6;8.0;52.5;22.33;8.4
CP94020;940802;13:00;6.2;27.7;32.6;7.9;49.6;20.65;8.6
CP94021;940802;14:13;5.0;26.9;28.9;7.7;44.7;18.16;8.4
CP94022;940815;11:39;5.6;28.7;19.0;7.5;30.6;10.19;4.4
CP94023;940815;12:46;5.9;28.6;26.8;7.6;41.7;16.05;5.5
CP94024;940817;15:45;6.3;27.6;26.3;7.7;40.9;15.95;4.2
CP94025;940818;18:42;6.7;27.5;27.9;7.9;43.2;17.19;5.5
CP94026;940819;10:15;5.4;27.5;28.5;7.7;44.1;17.67;7.6
CP94027;940825;9:37;5.8;26.1;19.3;7.6;31.0;11.20;4.5
CP94028;940726;14:19;7.2;29.4;37.5;7.9;56.3;23.78;0.5
CP94029;940725;16:02;7.5;28.3;36.3;7.7;54.7;23.28;0.5
CP94030;940719;12:08;5.8;31.3;35.7;7.9;54.0;21.81;0.5
CP94031;940630;18:15;6.9;27.9;34.9;7.9;52.8;22.34;0.9
CP94032;940727;14:32;5.6;27.7;39.1;7.9;58.4;25.57;1.3
CP94033;940727;11:32;6.4;27.6;38.2;7.8;57.3;24.94;2.0
CP94034;940705;16:20;6.3;28.1;20.4;8.0;32.6;11.40;4.0
CP94035;940707;13:44;4.2;28.5;24.9;7.8;39.1;14.66;3.2
CP94036;940823;13:44;6.3;26.4;25.6;8.0;40.2;15.84;5.6
CP94037;940810;9:31;6.5;25.1;29.8;8.0;45.5;19.35;4.6
CP94038;940707;10:03;4.7;29.1;18.0;7.6;28.8;9.28;2.0
CP94039;940810;11:04;6.2;24.2;34.4;7.8;52.2;23.15;2.4
CP94040;940823;11:42;6.7;26.0;28.4;8.1;43.9;18.02;6.1
CP94041;940810;8:10;5.9;25.2;29.6;8.0;45.6;19.21;5.9
CP94042;940809;8:22;7.0;24.5;26.1;7.9;40.8;16.77;3.8
CP94043;940823;9:10;3.4;26.7;25.2;7.7;39.2;15.41;2.5
CP94044;940808;14:35;7.3;25.0;25.8;7.9;40.4;16.40;2.5
CP94045;940808;11:09;7.6;23.6;25.5;7.9;40.0;16.54;2.3
CP94046;940816;14:22;6.7;27.5;22.0;7.9;34.8;12.78;2.5
CP94047;940816;9:20;1.2;26.6;21.6;7.5;34.4;12.77;3.2
CP94048;940818;10:21;6.7;27.7;20.5;7.9;32.9;11.63;5.7
CP94049;940817;15:35;6.9;28.4;20.3;7.9;32.6;11.25;1.7
CP94050;940818;10:40;6.5;27.4;27.2;8.0;41.3;16.74;5.4
CP94051;940816;11:21;1.9;26.9;20.2;7.5;32.9;11.61;4.6
CP94052;940816;13:12;1.4;26.6;21.4;7.3;34.8;12.64;4.8
CP94053;940816;16:00;1.3;27.5;17.3;7.1;28.3;9.25;2.7
CP94054;940818;12:22;4.5;28.1;14.0;7.4;23.2;6.61;1.9
CP94055;940802;9:04;5.0;27.4;22.4;7.7;35.7;13.13;4.1
CP94056;940808;16:15;7.5;25.6;22.7;7.9;36.0;13.86;4.3
CP94057;940802;11:16;4.5;28.4;21.0;7.6;33.5;11.77;1.3
CP94058;940807;10:55;7.4;23.1;29.0;7.9;43.7;19.32;3.9
CP94059;940807;9:09;7.5;19.6;37.4;7.8;56.1;26.70;1.0
CP94060;940806;9:36;7.3;26.8;9.8;7.9;16.7;3.90;3.2
CP94061;940716;10:00;7.5;28.6;3.2;7.9;5.8;-1.51;4.0
CP94062;940716;10:55;12.5;28.4;2.5;7.3;4.5;-1.96;6.0
CP94063;940716;13:59;9.1;29.2;1.6;7.7;2.9;-2.86;1.2
CP94064;940714;10:04;7.4;28.0;4.0;7.7;7.2;-0.75;5.7
CP94065;940715;16:40;7.9;29.7;0.7;7.8;1.4;-3.67;2.5
CP94066;940716;11:44;7.2;28.6;3.5;7.8;6.4;-1.29;6.1
CP94067;940717;9:35;5.8;29.7;1.5;7.5;2.7;-3.08;2.0
CP94068;940714;9:42;7.6;27.4;5.4;7.9;9.6;0.46;1.7
CP94069;940714;11:59;7.5;27.9;3.5;7.6;6.3;-1.07;5.5
CP94070;940714;11:00;7.7;28.1;6.6;7.9;11.2;1.15;0.5
CP94071;940712;9:28;7.9;27.2;4.6;8.4;8.3;-0.07;0.8
CP94072;940712;16:31;9.0;28.3;1.5;8.4;2.9;-2.68;1.5
CP94073;940825;8:47;5.4;27.7;27.1;7.7;42.2;16.56;12.9
CP94074;940823;11:04;6.4;27.9;31.9;8.0;48.8;20.10;4.1
CP94075;940823;14:44;7.0;28.4;30.2;7.6;46.5;18.66;10.9
CP94076;940811;12:06;5.7;27.7;32.2;8.0;49.2;20.39;7.9
CP94077;940811;10:54;4.0;27.9;21.5;7.2;34.2;12.27;7.5
CP94078;940808;9:30;4.5;27.7;29.9;7.7;46.1;18.66;6.1
CP94079;940729;8:12;5.4;27.9;28.6;7.7;44.3;17.62;10.9
CP94080;940726;10:14;5.6;27.9;33.3;7.9;50.8;21.15;3.7
CP94081;940726;11:22;5.6;28.6;33.5;7.8;51.0;21.08;1.2
CP94082;940810;11:16;5.3;26.3;3.9;6.7;7.1;-0.34;4.7
CP94083;940829;11:35;6.4;27.1;32.5;7.9;49.5;20.81;5.5
CP94084;940712;10:25;5.5;30.0;5.5;7.2;9.7;-0.24;0.7
CP94CF_;940829;14:15;9.5;27.9;8.6;7.5;14.8;2.69;2.5
CP94DSL;940920;8:50;.;.;19.0;.;.;.;1.2
CP94ES4;940712;12:22;8.0;27.5;4.6;8.5;8.2;-0.16;1.0
CP94JAC;940809;9:46;6.1;26.4;35.5;7.8;53.7;23.29;12.9
CP94LTH;940923;11:15;.;.;26.0;.;.;.;2.0
CP94MI_;940725;10:50;6.6;25.5;36.6;8.0;55.1;24.40;2.2
CP94NMK;940920;11:22;.;.;22.1;.;.;.;1.7
CP94PLM;940922;11:00;.;.;22.4;.;.;.;1.8
CP94RC_;940727;16:33;6.2;28.1;37.1;7.9;55.8;23.95;1.6
CP94ZI_;940725;11:37;5.6;27.8;34.1;7.7;51.7;21.77;1.2
CP95101;950809;14:15;8.9;24.6;5.0;8.2;8.9;0.93;1.4
CP95102;950808;10:01;8.4;23.6;5.0;8.5;8.8;1.19;1.1
CP95103;950808;12:45;6.9;28.1;0.1;7.4;0.2;-3.65;3.6
CP95104;950810;10:05;7.4;26.3;2.1;9.1;4.0;-1.68;2.0
CP95105;950810;12:33;7.9;26.1;4.2;8.3;7.5;-0.10;2.2
CP95106;950810;10:40;7.6;26.3;4.7;8.2;8.4;0.25;1.7
CP95107;950810;14:20;7.9;27.0;1.9;7.8;3.5;-2.02;6.3
CP95108;950808;9:00;7.7;24.6;0.2;7.5;0.4;-2.64;1.0
CP95109;950812;13:45;6.9;26.6;3.5;7.3;6.3;-0.72;2.2
CP95110;950812;12:15;9.4;27.2;3.6;8.3;6.5;-0.80;1.3
CP95111;950812;10:45;8.0;26.6;4.3;7.5;7.6;-0.13;1.5
CP95112;950812;11:31;8.3;26.0;13.3;8.0;22.2;6.74;1.0
CP95113;950812;13:06;6.6;24.8;26.8;7.8;41.7;17.21;3.8
CP95114;950720;9:17;1.0;29.5;7.9;7.1;13.5;1.67;2.0
CP95115;950725;11:20;6.3;29.5;24.2;8.0;38.0;13.83;4.4
CP95116;950718;16:13;4.6;29.6;10.4;7.7;17.8;3.51;3.6
CP95117;950721;10:56;4.8;29.2;23.8;7.9;37.5;13.61;6.0
CP95118;950711;12:36;5.7;27.3;20.4;7.8;32.7;11.68;1.5
CP95119;950711;10:56;5.6;27.6;21.2;7.9;33.7;12.13;5.0
CP95120;950719;10:10;0.3;28.3;10.0;7.1;17.1;3.63;1.5
CP95121;950719;11:53;1.1;28.1;15.3;7.2;25.1;7.61;3.8
CP95122;950719;13:40;1.2;28.3;15.4;7.3;25.3;7.63;4.0
CP95123;950726;10:47;6.2;29.1;25.8;8.1;40.3;15.14;4.5
CP95124;950718;13:58;1.4;28.9;15.3;7.4;25.2;7.38;5.0
CP95125;950711;10:25;6.3;27.6;20.7;7.8;33.1;11.80;2.5
CP95126;950711;11:28;6.3;27.6;17.7;7.7;28.8;9.56;1.6
CP95127;950711;12:51;6.9;28.1;16.6;7.9;27.2;8.60;2.4
CP95128;950718;11:37;2.4;28.9;15.4;7.5;25.3;7.41;2.0
CP95129;950718;9:30;5.2;29.4;16.2;7.6;26.5;7.85;1.0
CP95130;950725;8:43;6.3;29.7;21.9;8.1;34.8;12.03;5.3
CP95131;950725;11:36;6.6;29.9;19.1;8.0;30.9;9.88;6.3
CP95132;950723;11:06;6.6;29.1;24.9;8.2;39.0;14.47;4.0
CP95133;950723;13:00;6.8;28.7;25.8;8.2;40.2;15.23;2.3
CP95134;950720;11:30;6.2;30.2;14.6;7.8;24.0;6.42;1.0
CP95135;950723;10:30;6.1;28.0;27.8;8.2;43.2;17.01;0.9
CP95136;950814;12:30;4.2;27.1;19.4;7.7;31.3;10.98;6.4
CP95137;.;.;.;.;.;.;.;.;.
CP95138;950822;12:00;6.3;27.2;17.0;7.7;27.8;9.17;0.8
CP95139;950821;11:52;4.3;26.4;18.0;7.7;29.2;10.14;6.6
CP95140;950821;13:50;6.3;26.9;16.6;7.7;27.1;8.94;1.9
CP95141;950801;9:21;5.5;31.5;36.6;8.0;55.1;22.38;1.7
CP95142;950801;10:15;5.3;30.3;36.3;7.9;54.6;22.57;1.3
CP95143;950801;11:26;5.5;30.5;36.8;8.0;55.4;22.91;1.5
CP95144;950731;13:51;6.4;30.7;33.5;8.0;51.3;20.37;0.5
CP95145;950731;10:26;5.7;30.7;33.3;7.9;50.7;20.22;0.5
CP95146;950706;10:45;4.3;27.1;23.1;7.7;36.6;13.75;13.0
CP95147;950706;13:40;3.5;25.5;4.1;6.4;7.4;0.04;6.1
CP95148;950705;13:00;10.2;29.1;29.2;8.2;45.0;17.68;2.7
CP95149;950817;16:37;6.7;30.4;16.7;7.8;26.8;7.90;6.0
CP95150;950817;15:11;6.7;30.8;3.8;7.6;6.8;-1.74;4.2
CP95151;950802;8:30;5.7;30.3;22.1;7.7;35.0;11.98;7.4
CP95152;950802;9:17;5.8;30.0;22.9;7.7;36.5;12.68;9.0
CP95153;950803;10:07;6.6;28.6;34.3;7.9;52.1;21.68;3.2
CP95154;950804;10:15;5.9;28.9;31.9;7.8;48.8;19.78;1.2
CP95155;950731;11:08;5.6;29.6;31.8;7.9;48.6;19.47;11.4
CP95156;950731;9:57;4.8;30.0;12.6;7.3;21.0;4.98;6.7
CP95157;950815;9:34;4.1;30.8;23.1;7.3;36.5;12.56;10.6
CP95158;950815;10:35;4.6;30.9;23.7;7.4;37.6;12.98;4.8
CP95159;950828;11:50;6.3;28.1;29.3;7.8;45.1;18.08;11.1
CP95160;950828;11:10;5.2;27.9;26.0;7.5;41.1;15.67;2.1
CP95161;950830;10:08;5.8;27.5;26.4;7.8;41.3;16.11;5.3
CP95162;950829;9:55;5.9;26.3;12.0;7.5;19.7;5.69;3.6
CP95163;950829;12:44;6.0;27.2;26.2;7.8;40.3;16.04;8.4
CP95164;950822;11:43;5.3;29.6;20.4;7.4;32.6;10.95;6.6
CP95165;950908;9:18;5.8;25.4;23.9;7.6;37.9;14.86;8.0
CP95166;950907;14:57;4.7;27.4;20.9;7.2;33.8;11.99;2.1
CP95167;950905;12:05;4.2;27.0;14.7;7.2;23.8;7.50;3.5
CP95168;950906;9:40;5.1;25.4;25.4;7.4;40.0;15.98;7.1
CP95169;950907;9:34;6.2;25.2;26.7;7.7;42.3;17.02;6.1
CP95170;950803;11:20;5.9;27.2;33.8;7.7;51.3;21.76;5.0
CP95171;950803;14:00;5.8;28.3;25.7;7.9;40.3;15.32;11.0
CP95172;950815;18:36;6.8;31.0;1.2;8.7;2.3;-3.71;3.0
CP95173;950815;15:10;5.6;32.1;34.3;7.7;52.0;20.48;5.0
CP95174;950815;13:13;5.5;31.7;21.8;7.6;34.7;11.29;1.5
CP95175;950809;14:30;6.5;30.6;25.4;8.0;39.7;14.35;1.6
CP95176;950731;12:05;6.5;29.1;19.0;8.0;30.7;10.06;1.5
CP95177;950814;9:45;6.0;32.1;17.7;7.9;28.8;8.12;1.7
CP95178;950727;10:34;5.3;29.1;16.3;7.9;26.7;8.05;1.3
CP95179;950724;14:40;7.8;32.3;17.2;8.1;28.0;7.64;0.9
CP95180;950725;10:35;5.2;30.2;17.9;7.5;29.1;8.89;2.2
CP95181;950724;11:20;6.5;30.1;18.6;7.6;30.1;9.44;3.4
CP95182;950810;11:23;5.9;30.4;13.8;8.0;22.8;5.75;2.0
CP95183;950818;10:25;4.5;30.8;30.2;8.0;47.1;17.84;1.6
CP95184;950821;13:10;5.4;32.7;20.9;7.8;33.5;10.28;0.6
CP95185;950821;10:12;4.7;30.8;23.8;7.9;37.4;13.09;1.3
CP95186;950823;11:50;5.7;30.6;24.4;8.1;38.3;13.60;1.6
CP95187;950825;13:57;7.5;27.3;24.1;8.0;37.9;14.40;2.0
CP95188;950825;11:09;6.5;27.2;17.3;7.8;28.0;9.34;2.3
CP95ASM;950927;11:25;.;.;17.0;.;.;.;0.8
CP95CB_;950811;10:52;8.2;24.7;5.0;8.2;9.0;0.91;1.0
CP95CF_;950821;13:08;5.9;29.0;19.7;7.5;31.6;10.61;1.4
CP95DIE;950926;11:58;.;.;18.6;.;.;.;1.2
CP95FOS;951010;11:08;.;.;18.9;.;.;.;2.5
CP95KOP;950926;10:50;.;.;21.5;.;.;.;1.7
CP95LTH;951025;12:27;.;.;24.2;.;.;.;2.4
CP95MI_;950803;11:25;4.9;29.6;34.4;7.8;52.2;21.42;0.9
CP95NMK;951006;10:18;.;.;22.1;.;.;.;1.7
CP95NV1;951004;10:16;.;.;13.6;.;.;.;8.1
CP95NV2;951004;11:25;.;.;16.1;.;.;.;3.0
CP95PR1;950914;9:17;7.5;25.6;12.5;7.7;20.9;6.22;2.9
CP95PR2;950914;10:42;2.3;25.0;16.3;7.2;26.7;9.27;4.8
CP95PR3;950914;12:09;5.7;25.0;11.3;7.6;19.1;5.53;4.6
CP95PR4;950914;13:40;4.4;25.1;11.0;7.4;18.6;5.28;4.0
CP95PR5;950914;15:38;0.6;25.1;10.8;7.1;18.3;5.13;4.3
CP95RC_;950801;8:35;5.4;30.0;36.6;7.9;55.2;22.94;0.5
CP95SPY;950927;12:45;.;.;21.6;.;.;.;2.5
CP95ZI_;950821;10:20;3.3;26.7;31.4;7.4;48.1;20.11;1.0
CP96201;960919;19:23;8.9;22.6;2.1;8.1;3.8;-0.72;2.1
CP96202;960918;8:55;7.4;23.7;0.6;6.9;1.2;-2.11;3.6
CP96203;960918;14:10;9.3;22.6;4.0;8.0;7.2;0.69;1.0
CP96204;960918;12:55;8.5;23.3;7.1;8.0;12.4;2.84;3.0
CP96205;960709;13:33;7.8;28.5;0.6;7.2;1.1;-3.41;3.5
CP96206;960917;17:51;8.4;24.6;3.2;8.1;5.8;-0.41;5.6
CP96207;960709;11:30;7.4;27.2;1.0;7.1;1.8;-2.74;6.2
CP96208;960919;14:08;8.1;22.0;6.3;7.8;11.0;2.56;2.7
CP96209;960919;8:04;8.1;22.2;2.2;7.6;4.0;-0.55;2.3
CP96210;960710;13:20;7.3;28.9;0.7;5.9;1.4;-3.43;3.1
CP96211;960710;9:51;6.9;28.7;0.1;7.4;0.2;-3.83;2.7
CP96212;960919;12:20;8.1;22.6;3.9;7.8;7.0;0.62;3.5
CP96213;960919;10:26;6.3;24.1;16.1;7.7;26.6;9.37;4.4
CP96214;960710;16:18;7.1;29.4;7.5;7.2;13.1;1.43;1.4
CP96215;960916;14:00;7.4;24.7;16.4;7.7;26.8;9.43;1.8
CP96216;960916;10:32;6.5;25.3;19.3;7.9;31.1;11.45;4.8
CP96217;960722;14:45;8.9;30.2;6.2;7.3;10.9;0.22;0.9
CP96218;960916;12:20;3.8;25.9;19.0;7.7;30.6;11.03;6.4
CP96219;960916;15:28;7.6;25.2;18.6;8.0;30.1;10.93;5.2
CP96220;960723;15:45;7.1;28.2;13.1;7.3;21.8;5.95;2.6
CP96221;960722;13:23;1.4;26.7;12.7;6.5;21.3;6.09;4.2
CP96222;960916;9:10;7.7;24.9;19.3;8.0;31.1;11.56;5.0
CP96223;960723;13:48;8.2;28.1;15.2;7.6;24.9;7.54;1.6
CP96224;960916;17:50;7.6;25.0;17.1;8.0;27.9;9.87;2.3
CP96225;960722;10:00;2.0;27.0;15.2;7.0;25.1;7.87;4.5
CP96226;960722;11:42;7.9;28.0;9.0;7.7;15.5;2.97;1.5
CP96227;960916;16:13;3.6;25.5;22.8;7.6;36.9;14.01;6.1
CP96228;960723;11:28;7.6;28.3;13.8;7.7;23.0;6.44;0.9
CP96229;960916;15:00;6.8;25.2;20.6;8.0;32.8;12.44;4.6
CP96230;960915;18:40;5.6;25.6;19.0;7.8;30.7;11.12;6.2
CP96231;960916;12:50;6.0;25.5;29.2;8.0;45.0;18.79;0.6
CP96232;960725;8:43;1.5;28.1;15.7;7.2;25.8;7.91;3.5
CP96233;960724;12:35;0.5;26.9;18.9;7.1;30.5;10.66;6.7
CP96234;960916;9:33;7.3;24.3;19.4;8.1;30.8;11.76;1.4
CP96235;960724;14:38;0.7;27.0;17.2;7.0;28.0;9.36;5.7
CP96236;960724;11:33;6.0;28.2;12.7;8.1;21.2;5.65;1.4
CP96237;960912;17:09;5.1;26.5;27.0;7.8;42.0;16.86;2.6
CP96238;960725;13:33;7.0;30.0;30.9;7.8;47.6;18.66;1.0
CP96239;960913;9:05;6.3;26.0;31.7;8.0;48.4;20.55;3.6
CP96240;960725;17:06;6.7;28.5;31.0;7.8;47.6;19.23;1.2
CP96241;960729;17:40;5.7;27.7;26.3;7.8;41.0;15.92;1.2
CP96242;960729;9:50;4.9;26.6;22.7;7.8;36.0;13.60;0.1
CP97022;970814;8:37;5.7;28.7;28.2;7.7;43.7;17.07;3.8
CP97036;970717;9:35;2.5;26.9;18.7;7.3;30.2;10.51;5.2
CP97052;970715;10:14;6.8;27.3;7.6;7.6;13.3;2.12;4.4
CP97071;970823;10:49;8.7;24.5;2.6;8.4;4.8;-0.83;1.0
CP97075;970730;8:19;5.7;30.1;31.7;7.7;48.5;19.22;9.9
CP97082;970724;11:22;5.8;29.2;6.8;7.0;11.8;0.97;4.6
CP97109;970708;14:25;4.1;28.3;0.9;6.8;1.8;-3.13;2.6
CP97114;970716;9:45;5.7;28.2;6.8;6.6;11.9;1.27;2.0
CP97120;970715;14:50;8.8;28.8;5.8;6.1;10.2;0.35;1.4
CP97141;970723;13:52;5.9;28.9;35.2;7.9;53.2;22.26;2.0
CP97149;970724;9:33;6.0;28.9;6.0;7.0;10.6;0.47;4.7
CP97156;970723;10:00;3.8;29.4;18.3;7.0;29.5;9.45;8.2
CP97164;970729;11:07;6.2;30.4;24.2;7.4;38.0;13.52;6.7
CP97172;970813;11:50;6.2;29.0;1.0;7.9;1.8;-3.26;3.1
CP97183;.;.;.;.;.;.;.;.;.
CP97184;.;.;.;.;.;.;.;.;.
CP97301;970823;13:48;8.5;26.0;1.6;8.4;3.0;-1.95;1.2
CP97302;970823;10:59;8.9;24.8;1.8;8.5;3.3;-1.49;1.0
CP97303;970822;13:50;5.3;26.7;2.5;8.0;4.5;-1.51;3.7
CP97304;970823;9:21;8.4;25.3;3.1;8.5;5.6;-0.66;1.2
CP97305;970822;14:25;8.6;26.9;3.5;8.5;6.4;-0.80;2.3
CP97306;970820;15:30;8.9;27.7;2.5;8.7;4.5;-1.77;1.0
CP97307;970822;17:25;6.1;26.9;4.6;7.9;8.2;-0.03;5.3
CP97308;970820;15:26;7.9;27.6;2.6;7.9;4.7;-1.71;5.0
CP97309;970822;9:12;6.3;27.3;0.0;7.8;0.1;-3.49;1.7
CP97310;970708;17:40;6.6;27.8;2.4;7.3;4.5;-1.87;3.6
CP97311;970821;16:18;5.3;28.4;0.1;7.1;0.2;-3.75;4.6
CP97312;970709;13:05;6.3;27.3;14.5;7.7;24.1;7.27;4.4
CP97313;970709;15:37;8.0;27.9;15.5;7.9;25.8;7.84;3.4
CP97314;970709;11:18;7.0;28.9;14.7;7.7;24.3;6.92;1.2
CP97315;970716;14:28;8.4;30.6;1.4;7.5;2.6;-3.43;1.4
CP97316;970819;16:31;6.9;27.9;20.3;8.0;32.4;11.37;5.1
CP97317;970711;16:30;7.9;27.7;8.9;7.9;15.3;2.97;2.1
CP97318;970819;11:25;6.8;28.0;19.1;7.9;30.8;10.48;6.0
CP97319;970710;11:35;5.8;27.8;16.8;7.7;27.4;8.82;4.4
CP97320;970715;12:35;5.0;27.4;7.3;7.5;12.7;1.87;4.6
CP97321;970711;14:32;7.6;27.3;10.7;7.8;18.2;4.43;2.7
CP97322;970711;10:40;6.1;27.7;8.6;7.5;14.8;2.75;4.6
CP97323;970710;15:50;7.9;29.6;13.4;8.0;22.4;5.74;0.7
CP97324;970819;15:00;7.0;27.9;21.9;8.0;34.8;12.56;4.0
CP97325;970710;13:35;6.6;28.3;12.5;7.9;20.9;5.49;2.0
CP97326;970818;17:05;7.4;29.0;19.8;8.0;31.8;10.69;3.4
CP97327;970711;12:15;7.1;26.7;9.3;7.6;15.9;3.56;1.5
CP97328;970819;13:15;6.9;28.0;21.1;7.9;33.7;11.97;5.2
CP97329;970723;11:10;6.6;29.5;13.9;7.8;23.0;6.14;0.8
CP97330;970819;10:07;6.2;28.1;21.7;7.9;34.7;12.41;5.4
CP97331;970818;15:37;5.1;27.6;31.9;7.9;47.8;20.21;4.3
CP97332;970819;16:10;8.2;26.8;34.7;8.1;52.5;22.56;3.6
CP97333;970718;11:30;5.2;28.9;1.1;7.3;2.1;-3.15;2.0
CP97334;970717;11:36;3.2;27.0;19.0;7.5;30.6;10.71;6.5
CP97335;970818;15:05;7.2;26.9;34.8;8.0;52.7;22.61;0.9
CP97336;970717;15:12;2.6;27.2;14.0;7.2;23.3;6.92;5.6
CP97337;970723;16:29;5.2;29.0;35.0;7.9;53.0;22.07;2.5
CP97338;970717;13:50;5.3;28.1;12.5;7.5;21.0;5.53;2.9
CP97339;970724;11:05;6.1;28.2;35.4;7.9;53.6;22.64;1.2
CP97340;970722;16:00;7.2;29.5;35.3;8.0;53.4;22.13;3.2
CP97341;970722;12:40;6.8;28.1;35.5;7.9;53.6;22.75;6.0
CP97342;970703;8:45;5.0;27.7;34.4;7.7;52.1;22.05;1.3
CP97343;970703;13:15;6.1;28.5;30.0;7.5;46.5;18.48;2.3
CP97344;.;.;.;.;.;.;.;.;.
CP97345;970821;9:09;4.0;27.6;0.0;6.4;0.1;-3.59;9.3
CP97346;970821;9:20;3.5;27.2;0.0;7.4;0.1;-3.47;6.8
CP97347;970821;11:26;4.1;27.1;0.0;6.6;0.1;-3.45;6.4
CP97348;970821;11:40;4.8;27.8;0.0;7.5;0.1;-3.65;2.0
CP97349;970821;13:40;5.8;27.7;0.0;6.5;0.1;-3.62;3.7
CP97350;970821;13:50;6.9;27.5;0.1;7.9;0.1;-3.48;7.0
CP97351;970821;15:59;6.6;27.4;0.1;7.9;0.2;-3.46;4.5
CP97352;970821;16:32;6.7;27.0;0.1;8.0;0.1;-3.35;6.1
CP97353;970821;7:00;7.4;27.2;0.1;7.5;0.2;-3.39;5.4
CP97354;970821;18:02;7.3;27.2;0.5;7.7;1.0;-3.11;4.0
