Dataset:              Water Quality Bottom Data
File Name:            va90_2_3.txt
Date Created:         02/23/96
# Variables:          10
# Header Records:     20
# Data Records:       111
Missing Value Symbol: .

Variables:    STA_NAME     Station name
              DATE         Sample collection date (YYMMDD)
              DO           Dissolved oxygen conc. (mg/l) at the bottom
              TEMP         Temperature (C) at the bottom
              SAL          Salinity (ppt) at the bottom
              PH           pH (units) at the bottom
              FLR          Fluorescence at the bottom
              TRANS        Transmissivity (%) at the bottom
              PAR          PAR (mE/m2/s) at the bottom
              DENS         Density (Sigma t) at the bottom

STA_NAME    DATE     DO   TEMP    SAL     PH   FLR TRANS    PAR   DENS
VA90-021  900721    6.1  18.42  28.19    8.1     2    73      3  19.97
VA90-022  900723    3.8  18.18  27.94    7.8     3    75      4  19.83
VA90-023  900819    6.6  26.45  21.87    7.1    30    32     24  13.02
VA90-024  900721    4.7  17.71  28.13    7.9     1    78      3  20.09
VA90-025  900722    4.9  17.18  27.74    7.9     2    71      3  19.91
VA90-026  900722    4.6  16.92  27.11    7.9     3    46      3  19.49
VA90-027  900805    8.7  19.42  31.61    7.3     4    88    416  22.32
VA90-028  900731    4.8  21.43  25.71    7.2    11    72     22  17.33
VA90-029  900805    7.0  22.09  31.62    7.2     4    84     10  21.63
VA90-031  900912    7.1  23.81  25.21    8.3    25    46      3  16.30
VA90-032  900804    6.3  24.32  29.43    8.1     8    64      3  19.34
VA90-033  900912    6.3  23.93  20.02    7.9     7    58      6  12.36
VA90-034  900818    7.0  29.05  32.91    7.9    20    22    478  20.48
VA90-035  900803    6.5  24.63  23.86    8.0    12    45     12  15.04
VA90-036  900831    6.8  25.32  15.46    7.6    15    39    115   8.55
VA90-037  900816    7.1  24.05  31.68    7.2     6    83    143  21.12
VA90-038  900816    7.9  20.98  31.81    7.3     4    88     38  22.07
VA90-039  900811    7.3  27.52  18.75    8.0    15    42     30  10.37
VA90-040  900819    6.1  27.71  17.98    7.9     8    63      5   9.73
VA90-041  900720    6.5  27.37  14.60    7.9    14    57     10   7.31
VA90-042  900905    3.4  25.89  21.18    7.8     6    58      8  12.67
VA90-044  900721    6.2  25.32  26.39    7.9     4    46     57  16.75
VA90-045  900720    6.4  27.74  14.17    7.9    12    19    192   6.88
VA90-046  900804    2.0  25.85  26.18    7.6     2    71      3  16.44
VA90-047  900916    5.2  25.17  20.26    7.9     5    47      6  12.19
VA90-048  900722    7.0  20.00  30.12    8.0     6    67      4  21.04
VA90-050  900720    7.4  27.51  14.00    8.1     6    65     12   6.82
VA90-051  900731    4.5  25.49  28.95    7.8     3    54      3  18.63
VA90-052  900905    7.3  22.13  31.80    7.2     4    85    186  21.75
VA90-053       .     .     .      .       .      .     .      .    .  
VA90-054  900731    4.8  24.93  29.63    7.8     5    24      3  19.31
VA90-055  900824    6.4  25.56  15.01    7.9     6    77      4   8.15
VA90-056  900819    0.3  25.90  18.20    7.3     2    86      4  10.43
VA90-057  900725    7.5  28.32  16.61    8.0    11    44    121   8.52
VA90-058  900817    7.6  26.60   9.28    8.3    22    45    208   3.57
VA90-059  900722    5.8  24.93  24.38    7.8     7    63      4  15.35
VA90-060  900803    8.1  26.80  14.16    8.3     7    59     19   7.15
VA90-061  900725    6.1  27.03  20.73    7.9    10    45      3  11.99
VA90-062  900824    0.0  25.62  18.28    7.1     3    52      3  10.58
VA90-063  900825    4.7  25.11  13.80    7.7     4    64      5   7.37
VA90-065  900907    4.1  25.62  15.74    7.9     6    78     10   8.67
VA90-066       .     .     .      .       .      .     .      .    .  
VA90-068  900806    8.6  14.54  32.21    7.4     2    90     21  23.92
VA90-069  900726    7.1  20.90  31.60    6.7     8    68     15  21.94
VA90-070  900728    6.4  18.81  31.29    7.1     3    65      4  22.24
VA90-071  900924    7.1  18.22  31.67    8.3     4    81     11  22.67
VA90-072  900804    8.2  20.19  31.58    7.3     4    90    158  22.11
VA90-073  900804    7.8  17.35  31.79    7.4     2    91      4  22.97
VA90-074  900803    7.2  16.86  31.59    7.3     1    85      3  22.93
VA90-075  900803    7.5  18.59  30.58    7.3     3    88      3  21.75
VA90-076  900729    7.4  18.18  30.16    7.2     2    89      3  21.52
VA90-077  900813    6.9  20.12  29.29    7.3     1    88     57  20.39
VA90-078  900818    6.7  21.98  28.05    7.2     3    79      5  18.95
VA90-079       .     .     .      .       .      .     .      .    .  
VA90-086  900801    4.5  28.33  21.52    7.5    11    62      4  12.18
VA90-088  900817    3.2  26.24   0.10    7.0    14    22      3  -3.14
VA90-090  900726    8.9  27.13   1.02    9.0    30     7    395  -2.70
VA90-099  900815    3.7  23.96  30.94    7.2     7    22      8  20.59
VA90-100  900821    7.1  20.27  23.44    7.9     9    75     64  15.90
VA90-101  900811    6.2  26.06   0.67    7.1     4    34      3  -2.67
VA90-102  900801    3.5  29.53  13.90    7.3    12    65      4   6.13
VA90-104  900819    6.1  25.74  27.66    7.1     8    67      4  17.59
VA90-106  900915    6.2  22.27  29.62    8.1    11    70      2  20.06
VA90-112  900727    7.1  28.07   8.45    8.2    28    27      3   2.53
VA90-114  900806    5.7  26.53  10.40    8.1    10    51     11   4.43
VA90-118  900811    5.8  26.10  25.60    7.7    13    57     16  15.92
VA90-122  900721    6.8  23.11  26.42    8.0    16    67      4  17.41
VA90-124  900827    5.7  24.86   3.93    7.3    14    13      3   0.07
VA90-128  900727    8.5  28.20   5.52    8.4    30    13     14   0.32
VA90-130  900811    3.3  26.99   3.87    6.5    17     2      3  -0.55
VA90-134  900823    6.0  24.59   8.61    7.6    30    58      3   3.63
VA90-136  900805    5.4  26.38   2.68    6.9    16    26      6  -1.26
VA90-141  900724    4.7  29.37   0.03    6.3     6    45      4  -4.08
VA90-144  900721    6.7  28.47  32.08    7.7    14    48      4  20.06
VA90-150  900719    5.0  24.47  30.08    7.7    18    35    121  19.78
VA90-156  900730    5.7  24.47  28.04    7.1     4    57      5  18.25
VA90-158  900810    7.6  22.92  28.84    8.2    14    79    101  19.29
VA90-159  900719    8.2  17.54  30.15    8.2     6    73     11  21.67
VA90-161  900720    7.4  18.18  28.94    8.3    11    50    189  20.59
VA90-166  900905    7.1  21.41  31.89    7.2     3    86     38  22.02
VA90-169  900821    6.9  22.29   0.10    7.2     8    72      3  -2.14
VA90-173  900730    5.1  23.67  26.72    7.9     3    85      3  17.48
VA90-177  900812    5.7  25.61   7.35    7.1     5    24      4   2.41
VA90-178  900819    7.6  25.60   0.08    7.2     4    46      3  -2.98
VA90-180  900816    0.1  25.86  16.86    7.2     3    86      3   9.44
VA90-182  900806    1.7  26.42  11.48    7.2     5    69      3   5.27
VA90-184  900806    5.1  26.83   6.61    7.4     6    28      3   1.52
VA90-186  900825    6.0  24.84   0.17    7.0     5     4      3  -2.72
VA90-188  900826    5.1  25.09   0.15    7.1     6    11      3  -2.80
VA90-190  900815    1.6  26.78  14.45    7.2     5    68      3   7.37
VA90-192  900726    6.3  28.45   3.36    7.1    21    13     32  -1.35
VA90-194  900726    8.5  29.24   0.05    7.7    30     7      3  -4.03
VA90-196  900805    7.2  27.29   0.04    7.4    30     5      3  -3.48
VA90-199  900811    5.1  26.04   4.55    7.1     5    44      6   0.21
VA90-200  900908    7.5  26.89   0.04    7.0    25    35      3  -3.36
VA90-202  900911    6.3  26.00  19.23    7.8     8    53    161  11.17
VA90-204  900821    5.8  26.77  15.95    7.6     9    27     13   8.49
VA90-206  900910    6.4  25.99   3.85    7.6    16    17     23  -0.30
VA90-208  900910    5.5  26.48   0.12    7.3    19     8      3  -3.20
VA90-210  900723    7.4  30.43   0.10    7.4    25    24      3  -4.35
VA90-215  900810    7.0  25.63   0.12    7.1    13    39      3  -2.96
VA90-217  900809    8.6  26.01   0.11    7.1    13    53      2  -3.07
VA90-219  900728    6.6  26.86   1.91    7.4    19     7      3  -1.98
VA90-223  900729    5.5  26.86   0.52    7.3    16     2      3  -3.00
VA90-227  900808    3.7  26.40   0.13    7.0    10    62      2  -3.17
VA90-231  900910    5.8  24.11   0.09    7.0    22    41      3  -2.60
VA90-250  900909    4.7  23.91  12.66    7.0     9    12      3   6.84
VA90-252  900826    9.0  23.80   2.28    7.8    30     6      3  -0.89
VA90-254  900725    5.3  27.89   1.19    7.3     7    10      3  -2.80
VA90-256  900810    7.4  26.00  18.23    8.1    23    39    297  10.43
VA90-258  900810    6.5  25.48  31.69    7.9     8    61      3  20.70
