Dataset:              Water Quality Bottom Data
File Name:            va_91_2_3.txt
Date Created:         02/23/96
# Variables:          10
# Header Records:     20
# Data Records:       101
Missing Value Symbol: .

Variables:    STA_NAME     Station name
              DATE         Sample collection date (YYMMDD)
              DO           Dissolved oxygen conc. (mg/l) at the bottom
              TEMP         Temperature (C) at the bottom
              SAL          Salinity (ppt) at the bottom
              PH           pH (units) at the bottom
              FLR          Fluorescence at the bottom
              TRANS        Transmissivity (%) at the bottom
              PAR          PAR (mE/m2/s) at the bottom
              DENS         Density (Sigma t) at the bottom

STA_NAME    DATE     DO   TEMP    SAL     PH   FLR TRANS    PAR   DENS
VA91-261  910803    6.4  26.47  22.95    7.9    13    58     19  13.83
VA91-262  910815    5.2  21.45  30.73    7.9    10    54      3  21.13
VA91-263  910803    8.1  28.39  15.07    7.8    17    20      8   7.36
VA91-265  910815    5.1  25.19  27.63    8.0    15    27      3  17.72
VA91-266  910817    7.0  27.01  20.66    7.9    15    43    864  11.95
VA91-269  910804    6.5  28.63   7.46    7.5    10    30      6   1.63
VA91-270  910817    6.4  26.62  22.76    8.0     7    65     23  13.64
VA91-271  910816    7.2  26.17  22.83    8.2     8    72    144  13.82
VA91-273  910804    6.6  28.54   0.11    7.3    23    19      2  -3.78
VA91-275  910805    7.1  28.23   0.08    7.2    23    14      2  -3.71
VA91-276  910816    5.4  26.50  21.11    7.9    10    55      7  12.44
VA91-278  910805    7.4  29.10   0.11    7.4    12    23      3  -3.94
VA91-279  910823    4.8  26.01  24.55    7.9     7    58      5  15.16
VA91-281  910809    5.1  27.49  17.47    7.7     9    70      5   9.42
VA91-282  910812    5.6  26.72  18.74    8.0    10    57      7  10.60
VA91-283  910823    4.2  26.52  21.70    7.9     4    50      3  12.87
VA91-284  910810    3.9  26.52  19.98    7.8     6    78      8  11.58
VA91-285  910822    5.7  26.62  18.80    7.8     9    58     13  10.67
VA91-288  910810    5.9  27.57  12.76    7.4    12    16      4   5.88
VA91-290  910811    4.2  27.21  16.83    7.7     7     .     38   9.02
VA91-291  910811    7.2  26.61  15.78    8.0     9    72     11   8.42
VA91-292  910822    7.5  26.31  17.41    8.0     7    43     65   9.72
VA91-294  910730    6.6  27.63   1.81    7.0    12    29      4  -2.26
VA91-295  910821    7.1  26.86  16.85    8.1     6    76     77   9.14
VA91-296  910821    6.0  26.76  16.93    7.9     8    41      3   9.23
VA91-298  910730    6.2  27.30   0.20    7.0    20    14      3  -3.36
VA91-300  910729    6.4  28.69   0.04    6.8    30    25      3  -3.88
VA91-302  910728    1.0  27.50  14.82    7.3     3    81     27   7.44
VA91-303  910827    6.2  26.26  16.81    7.9     7    77      5   9.29
VA91-307  910827    6.5  26.30  16.95    7.9     7    56     63   9.38
VA91-309  910729    7.3  29.06   0.04    7.0    30    30      3  -3.98
VA91-312  910728    0.1  27.49  14.35    7.2     5    67     66   7.09
VA91-314  910724    5.2  29.47  12.39    8.1    14    58    836   5.03
VA91-315  910724    5.3  28.42  10.51    7.6    19    57     78   3.96
VA91-316  910827    7.3  26.01  15.98    8.0     7    44     29   8.74
VA91-317  910829    6.8  26.40  14.02    7.9    19     8      3   7.16
VA91-319  910723    8.4  29.96   2.99    7.6     7    66     56  -2.08
VA91-322  910815    6.1  26.67  14.07    8.2     9    47     18   7.12
VA91-325  910815    1.1  25.51  17.00    7.6     4    65      8    .  
VA91-326  910723    8.5  29.93   0.19    8.5    21    27      3  -4.13
VA91-328  910822    7.6  27.55  28.68    8.3    23    39   1029  17.79
VA91-330  910817    2.9  26.83  14.06    7.8     5    44      2   7.07
VA91-333  910722    7.0  29.85   0.17    8.1    12    25     64  -4.12
VA91-335  910904    6.5  22.56  30.30    8.2     9    69      4  20.50
VA91-336  910816    4.9  27.01  12.86    7.9     8    41      5   6.12
VA91-337  910904    6.4  23.23  28.94    8.3    11    62      5  19.28
VA91-338  910723    8.6  26.02  27.57    8.0    25    64     27  17.43
VA91-339  910728    5.1  26.34  11.00    7.5     8    47      9   4.93
VA91-340  910904    7.2  24.00  24.97    8.3    30    11      4  16.06
VA91-341  910726    7.1  27.21  23.58    8.0    28    62      4  14.07
VA91-342  910723    5.3  28.92  20.46    7.4    24     2      4  11.21
VA91-343  910728    6.1  26.94   8.77    7.2     6    51     13   3.10
VA91-344  910722    6.7  28.23  17.42    7.7     9    48     14   9.15
VA91-346  910827    6.8  26.46   2.56    8.3    24    19      4  -1.38
VA91-349  910724    6.0  26.92  27.31    7.7    12    60   1392  16.96
VA91-352  910828    6.0  26.82   3.38     .      8    40      3  -0.87
VA91-353  910730    6.7  27.17   0.18    7.6     4    75      7  -3.34
VA91-355  910809    6.3    .     2.00     .      .     .      .    .  
VA91-357  910809    6.3    .     0.00     .      .     .      .    .  
VA91-358  910810    5.1    .     0.00     .      .     .      .    .  
VA91-360  910810    4.0    .     0.00     .      .     .      .    .  
VA91-362  910805    5.7  26.33  19.46    7.8    30    42    642  11.25
VA91-365  910811    4.5    .     0.00     .      .     .      .    .  
VA91-369  910804    4.5  24.60  25.15    7.5    12    58      4  16.03
VA91-371  910803    5.6  24.53  28.45    7.9    30    61      2  18.54
VA91-372  910803    4.5  24.58  23.36    7.5     7    75      4  14.69
VA91-375  910805    3.5  23.28  25.41    7.5     6    71     10  16.60
VA91-378  910804    2.8  24.37  24.29    7.4     3    67      2  15.45
VA91-379  910806    0.9  20.11  27.57    7.6     3    81      2  19.08
VA91-380  910817    4.7  22.06  27.92    8.0    11    65      4  18.83
VA91-382  910815    6.2  24.72  29.56    8.2    30    51      4  19.32
VA91-384  910827    5.4  25.12  10.14    7.9     7    24      4   4.63
VA91-385  910822    4.6  21.79  27.82    7.9     5    81      5  18.83
VA91-386  910822    5.6  22.00  28.21    8.1     6    79      4  19.07
VA91-387  910823    4.5  22.12  28.53    8.0     2    81      4  19.28
VA91-388  910816    7.0  22.47  28.64    8.2     8    80      4  19.26
VA91-389  910816    7.2  22.03  29.00    8.2     9    70      4  19.66
VA91-390  910905    7.1  19.69  30.64    8.4     4    81      4  21.52
VA91-391  910903    7.2  18.88  30.97    8.4     3    90     12  21.97
VA91-392  910823    7.1  22.70  28.29    8.2    17    61      5  18.94
VA91-394  910905    7.1  18.77  31.17    8.4     3    88      4  22.15
VA91-397  910827    6.0  26.55   5.99    7.8     5    41      4   1.14
VA91-398  910906    7.0  16.86  31.99    8.6     2    91      4  23.24
VA91-399  910906    6.8  16.20  32.16    8.5     2    88      5  23.52
VA91-402  910722    7.0  23.14  31.47    8.0     5    84    246  21.22
VA91-403  910821    5.9  23.47   0.08    7.5     6    52      7  -2.44
VA91-404  910722    6.8  26.22  32.31    8.1    15    74    130  20.94
VA91-405  910904    6.6  20.65  29.63    8.4     6    80    118  20.50
VA91-406  910729    6.8  19.85  31.56    8.2     2    90     37  22.18
VA91-407  910729    7.4  20.12  31.53    8.3     4    91     82  22.09
VA91-408  910730    7.0  22.57  31.62    8.2    10    85     29  21.50
VA91-409  910722    7.0  22.59  31.70     .      5    88     60  21.55
VA91-411  910828    6.4  26.07   0.46    7.9     7    19      4  -2.83
VA91-413  910809    7.1  21.11  31.47    8.3     3    80    308  21.78
VA91-414  910728    5.9  22.47  31.62    8.1     6    74      7  21.52
VA91-415  910730    6.7  23.85  31.80    8.2     3    91    262  21.27
VA91-416  910722    6.5  22.00  31.64    7.9    11    83     59  21.67
VA91-418  910811    4.7  23.50  29.78    7.9     4    75     20  19.84
VA91-421  910810    4.7  24.11  28.47    7.7     4    71      3  18.67
VA91-422  910829    8.0  24.58   0.12    8.4    21    48      4  -2.69
VA91-424  910829    9.7  25.21   0.12    8.6    19    67      5  -2.85
