Dataset:              Benthic Community Data
File Name:            va90_3_4.txt
Date Created:         11/17/97
# Variables:          10
# Header Records:     20
# Data Records:       111
Missing Value Symbol: .

Variables:    STA_NAME     Station name
              DATE         Sample collection date (YYMMDD)
              #GRABS       Number of grabs
              #TAXA        Mean number of taxa per grab
              #ORGS        Mean number of organisms per grab
              #I_TAXA      Mean number of infaunal taxa per grab
              #I_ORGS      Mean number of infaunal organisms per grab
              BMASS        Mean biomass (g) per grab
              MOIST        Mean moisture (%) per grab
              SICL         Mean silt/clay (%) per grab

STA_NAME    DATE  #GRABS #TAXA  #ORGS   #I_TAXA       #I_ORGS    BMASS      MOIST      SICL
VA90-021  900721       3    28    350     24.33        328.67   0.8011      63.01     89.21
VA90-022  900723       3    24    547     22.00        541.33   0.9077      55.35     87.46
VA90-023  900819       3    29    307     23.00        267.33   0.1299      46.00     56.50
VA90-024  900721       3    29    513     25.00        443.33   0.4727      50.14     54.97
VA90-025  900722       3    27   1465     24.00       1443.33   1.8029      62.63     82.10
VA90-026  900722       3    21   1070     18.67       1067.67   2.1971      47.20     46.15
VA90-027  900805       3    10    132      8.33         68.00   0.1219      18.62      1.09
VA90-028  900731       3    14    100     11.67         95.33   0.4059      57.51     60.08
VA90-029  900805       3    28   2482     23.00       2442.67   0.5028      28.62     14.45
VA90-031  900829       3    23    420     20.00        415.33   0.1511        .        5.83
VA90-032  900804       3    29    389     26.00        385.00   0.3021      30.92     16.79
VA90-033  900830       3    28    724     21.33        527.33   0.4622      24.00     14.48
VA90-034  900818       3    27    246     21.33        218.00   0.2440      37.23     63.62
VA90-035  900803       3    29    743     23.33        723.33   0.3238      32.73     14.33
VA90-036  900831       3    15    346     12.33        292.67   0.2365      18.06      6.65
VA90-037  900816       3    25    120     19.33         82.33   7.3247      18.00      1.82
VA90-038       .       .     .      .       .             .      .            .         .  
VA90-039  900811       3    21    122     18.00        113.67   0.0727      37.56      8.99
VA90-040  900819       3    25    219     21.00        209.33   0.2510      21.17      6.01
VA90-041  900720       3    32    205     28.33        198.00   0.1858      19.55      2.46
VA90-042  900803       3    38    219     33.00        203.67   0.6478      18.26      2.16
VA90-044  900721       3    19     68     12.67         48.00   0.0580      37.23     47.69
VA90-045  900720       3    19    152     16.00        146.33   0.1499      30.10     27.79
VA90-046  900804       3    53    302     41.67        231.33   1.9909      28.14      8.56
VA90-047  900729       3    29    163     25.33        152.67   0.8036      22.82      6.90
VA90-048  900722       3    36    264     31.00        251.67   1.1927      26.16     11.24
VA90-050  900720       3    11     49     10.33         48.33   0.1606      27.80     13.74
VA90-051  900731       3    47    360     38.67        293.00   1.5397      29.40     26.83
VA90-052  900826       3    10     50      6.67         40.67   0.0069      18.12      0.85
VA90-053  900803       3    39    549     29.00        224.33   3.1764      44.94     75.65
VA90-054  900731       3    52    343     42.67        297.00   2.6092      25.50     25.03
VA90-055  900824       3    24    145     22.00        140.00   0.3795      22.30      5.10
VA90-056  900819       3     0      0      0.33          0.33   0.0005      64.04     75.10
VA90-057  900725       3    31    147     26.33        134.67   0.1137      18.13      2.91
VA90-058  900817       3     9    130      9.00        129.33   0.0793      34.90      1.40
VA90-059  900722       3    36    481     20.33        329.67   2.2158      56.63     57.01
VA90-060  900803       3     6     52      5.00         51.00   0.0270      60.69     75.35
VA90-061  900725       3    34    384     27.67        324.67   0.4985      26.18     15.47
VA90-062  900824       3     0      0      0.33          0.33   0.0000      76.83     94.26
VA90-063  900825       3    10     71     10.00         71.00   0.1869      37.37     16.14
VA90-065  900816       3    20    253     19.00        251.67   0.6532      23.00      0.88
VA90-066  900824       3     3      6      2.67          5.67   0.0068      70.70     94.76
VA90-068       .       .     .      .       .             .      .            .         .  
VA90-069       .       .     .      .       .             .      .            .         .  
VA90-070  900728       3    38    637     30.00        585.33   1.5408      40.69     68.58
VA90-071  900924       3    35    671     23.33        406.00   3.5385      60.43     75.64
VA90-072       .       .     .      .       .             .      .            .         .  
VA90-073  900804       3    30   1557     21.67       1514.00   0.4076      60.81     65.00
VA90-074  900803       3    65   4445     46.33       4188.33   1.1505      26.01     10.05
VA90-075  900803       3    36    415     24.00        359.00   0.2788      14.20      6.38
VA90-076  900729       3    61    400     41.33        144.00   1.8174      21.33      6.26
VA90-077       .       .     .      .       .             .      .            .         .  
VA90-078  900818       3    45    443     37.33        431.33   1.3405      26.00     17.44
VA90-079  900813       3    28    305     22.00        286.67   0.6773      48.08     38.75
VA90-086  900801       3    13     48     11.67         45.33   0.0235      57.97     66.33
VA90-088  900826       3    13    650     13.00        649.67   0.2710      66.87     98.30
VA90-090  900726       3     4    136      3.67        135.67   0.0672      76.09     94.66
VA90-099  900726       3     2      7      1.33          6.00   0.0012      74.58     75.23
VA90-100  900809       3    27   1019     20.67        932.67   0.6553      30.02     14.04
VA90-101  900811       3     6    109      5.33        106.67   0.0158      58.66     68.23
VA90-102  900801       3     9    267      7.67        265.00   0.2598      26.57      5.64
VA90-104  900808       3    28   3684     22.67       3623.33   0.6395      50.69     85.15
VA90-106  900814       3    14    409     11.67        406.00   0.5965      71.28     87.70
VA90-112  900727       3     9    163      9.33        162.67   0.2787        .         .  
VA90-114  900806       3    10     67     10.00         66.67   0.0823      59.64     87.76
VA90-118  900811       3    46   1817     29.67       1097.33   1.3932      56.83     64.87
VA90-122  900721       3    12     84     11.00         82.33   0.0556      57.21     68.07
VA90-124  900827       3     7    196      5.00        190.67   0.0681      53.31     89.67
VA90-128  900727       3     6     75      5.00         71.00   0.3776      68.93     94.23
VA90-130  900811       3    12    334     10.00        329.33   0.1447      40.23     20.66
VA90-134  900815       3     0      0      0.33          0.33   0.0001      63.82     80.03
VA90-136  900805       3     6     54      5.67         53.67   0.0849      66.16     89.11
VA90-141  900724       3    13    152     12.00        151.00   0.1636      24.16      4.15
VA90-144  900721       3    28    214     21.33        183.67   0.2569      18.47      6.71
VA90-150  900719       3    30    812     28.00        804.67   0.3747      31.21     34.82
VA90-156  900730       3    27    757     21.33        745.67   9.9799      50.37     62.48
VA90-158  900810       3    41   1711     34.00       1635.67   0.7222      39.56     17.42
VA90-159  900719       3    25    550     22.00        545.33   0.5760      39.09     58.53
VA90-161  900720       3     5    100      4.33         99.33   0.0102      66.28     75.85
VA90-166  900727       2    47    569     25.00        384.50   7.1811      45.78     56.42
VA90-169  900821       3    15    874     11.33        786.00   0.2306      71.00     48.97
VA90-173  900730       3    11    162      9.67        159.00   0.0513      26.38      5.03
VA90-177  900812       3     9     98      9.00         98.00   0.0452      56.52     87.90
VA90-178  900819       3     9    237      7.33        232.00   0.6100      46.36     64.69
VA90-180  900816       3     1      2      1.33          1.67   0.0003      39.45     27.67
VA90-182  900806       3     1     14      1.33         13.67   0.0007      75.16     81.16
VA90-184  900727       3    12    154     10.00        150.67   0.2623      58.97     91.53
VA90-186  900825       3     7     64      7.00         63.67   1.2061      64.05     96.30
VA90-188  900826       3    19    907     18.33        906.00   0.6220      46.07     22.02
VA90-190  900815       3     6     73      6.00         73.33   0.0811      65.19     72.40
VA90-192  900726       3     7    158      5.00        143.33   0.1337      73.30     92.74
VA90-194  900726       3    11    201     10.00        199.33    .          69.21     80.33
VA90-196  900805       3    14    329     14.00        329.00   0.1006      55.89     69.45
VA90-199  900811       3    14    800     11.00        646.33   0.2553      54.43     79.76
VA90-200  900805       3    13    304     12.67        304.33   0.0494      52.76     75.00
VA90-202  900802       3    16    129     14.67        114.67   0.0806      59.25     75.90
VA90-204  900821       3    12     48     10.67         47.33   0.0603      52.91     85.56
VA90-206  900822       3     7     20      7.33         19.67   0.3195      22.48      1.94
VA90-208  900822       3    10    408      9.67        407.33   0.1637        .       92.03
VA90-210  900723       3     7     78      7.00         77.00   0.0287      24.83      5.00
VA90-215  900810       3     9    228      8.67        226.67   0.0308      79.18     88.94
VA90-217  900809       2    11    685      9.50        679.50   0.0505      30.00      7.47
VA90-219  900728       3     4    164      3.67        163.67   0.1386        .         .  
VA90-223  900729       3     4     16      3.33         15.00   0.0085      42.53     64.94
VA90-227  900808       3     5    212      5.00        211.67   0.0679      51.03     86.50
VA90-231  900910       3    16    393     15.00        382.33   0.4660      38.67     63.54
VA90-250  900830       3    12   2338      8.00        308.67   0.3329      52.22     45.81
VA90-252  900826       3     4     76      3.67         74.67   0.0816      29.59      6.02
VA90-254  900725       3     6    138      5.67        137.00   2.4214      58.34     80.72
VA90-256  900810       3    18    529     17.00        525.67   0.0602      37.71     31.76
VA90-258  900810       3    12     39     11.33         37.67   0.2672      23.38      5.76

